-9.900000000000000355e+00 1.773439922814513681e+00
-9.699999999999999289e+00 1.754377597601689764e+00
-9.500000000000000000e+00 1.750184650506949602e+00
-9.300000000000000711e+00 1.773242329865482692e+00
-9.099999999999999645e+00 1.771457946404881856e+00
-8.900000000000000355e+00 1.752487197051244339e+00
-8.699999999999999289e+00 1.747637505205497099e+00
-8.500000000000000000e+00 1.768747193533902085e+00
-8.300000000000000711e+00 1.729572540918480783e+00
-8.099999999999999645e+00 1.730605502255543549e+00
-7.900000000000000355e+00 1.733818898889984306e+00
-7.699999999999999289e+00 1.777903921632229434e+00
-7.500000000000000000e+00 1.752164009111617293e+00
-7.299999999999999822e+00 1.758885404416568710e+00
-7.099999999999999645e+00 1.752199508345193335e+00
-6.900000000000000355e+00 1.812271659707724414e+00
-6.699999999999999289e+00 1.758814254178492575e+00
-6.500000000000000000e+00 1.780680743775606700e+00
-6.299999999999999822e+00 1.772998842628796590e+00
-6.099999999999999645e+00 1.799036858677532935e+00
-5.900000000000000355e+00 1.766605138136593256e+00
-5.699999999999999289e+00 1.785958904109589129e+00
-5.500000000000000000e+00 1.766382798816210631e+00
-5.299999999999998934e+00 1.757637658085253296e+00
-5.099999999999999645e+00 1.744119573631870423e+00
-4.900000000000000355e+00 1.765546369518332215e+00
-4.699999999999999289e+00 1.729285414291714229e+00
-4.500000000000000000e+00 1.736688526562782053e+00
-4.299999999999998934e+00 1.752266232369480425e+00
-4.099999999999999645e+00 1.793102337863077267e+00
-3.899999999999999911e+00 1.827519967647356136e+00
-3.699999999999999734e+00 1.875178192691491885e+00
-3.499999999999999556e+00 1.862847161572052324e+00
-3.299999999999999378e+00 1.865436920287328215e+00
-3.099999999999999645e+00 1.886689740918713776e+00
-2.899999999999999911e+00 1.837920969210006028e+00
-2.699999999999999734e+00 1.814893173217318800e+00
-2.499999999999999556e+00 1.756836618069300027e+00
-2.299999999999999378e+00 1.705476929552270260e+00
-2.099999999999999645e+00 1.609431407942238268e+00
-1.899999999999999467e+00 1.575361957064403295e+00
-1.699999999999999289e+00 1.511881063374070910e+00
-1.500000000000000000e+00 1.491835804488296668e+00
-1.299999999999999822e+00 1.429866850321395821e+00
-1.099999999999999645e+00 1.406945934010472632e+00
-8.999999999999994671e-01 1.297950515741926880e+00
-6.999999999999992895e-01 1.168435431333403329e+00
-4.999999999999991118e-01 1.016136704599509777e+00
-2.999999999999989342e-01 9.234679802955665373e-01
-9.999999999999964473e-02 8.009918266140141352e-01
1.000000000000005329e-01 6.990480839638759658e-01
3.000000000000007105e-01 5.451680185399768730e-01
5.000000000000008882e-01 4.184238700367732822e-01
7.000000000000010658e-01 3.016380343587694579e-01
9.000000000000003553e-01 2.228007330889703319e-01
1.100000000000000533e+00 1.654070564279281064e-01
1.300000000000000711e+00 1.278475302608826358e-01
1.500000000000000888e+00 1.033841975485115944e-01
1.700000000000001066e+00 9.079040225829217159e-02
1.900000000000000355e+00 7.664246136903328510e-02
2.100000000000000533e+00 6.812224061810154274e-02
2.300000000000000711e+00 6.133698476230602104e-02
2.500000000000000888e+00 5.552942878848171615e-02
2.700000000000001066e+00 4.503635554236533334e-02
2.900000000000000355e+00 4.297365119196988603e-02
3.100000000000000533e+00 3.469429209831403904e-02
3.300000000000000711e+00 3.078907761771661894e-02
3.500000000000000888e+00 2.380625999543066126e-02
3.700000000000001066e+00 2.151898734177215208e-02
3.900000000000000355e+00 1.497392718748504978e-02
4.100000000000000533e+00 1.344414568565143082e-02
4.300000000000000711e+00 1.042783354448884210e-02
4.500000000000000888e+00 9.336349198710236497e-03
4.700000000000001066e+00 8.270606820927423053e-03
4.900000000000000355e+00 7.256694070637946178e-03
5.100000000000000533e+00 5.976185126937766899e-03
5.300000000000000711e+00 5.590839967796761359e-03
5.500000000000000888e+00 5.182940220494575319e-03
5.700000000000001066e+00 6.205751245520496097e-03
5.900000000000000355e+00 5.814977973568282235e-03
6.099999999999999645e+00 5.131128848346636420e-03
6.300000000000000711e+00 6.529891903816456913e-03
6.500000000000001776e+00 7.711734463786416860e-03
6.700000000000001066e+00 7.246707078073014001e-03
6.900000000000000355e+00 8.044127786715697670e-03
7.099999999999999645e+00 8.170236336779912109e-03
7.300000000000000711e+00 9.198854836438728408e-03
7.500000000000001776e+00 8.920985556499574920e-03
7.700000000000001066e+00 9.470512268618166279e-03
7.900000000000000355e+00 9.500517354905464382e-03
8.099999999999999645e+00 9.341385167012643959e-03
8.300000000000000711e+00 9.787928221859705513e-03
8.500000000000001776e+00 1.267341942297537348e-02
8.700000000000001066e+00 1.200075894127691951e-02
8.900000000000000355e+00 1.576652130157665116e-02
9.100000000000001421e+00 1.545368620037807124e-02
9.300000000000002487e+00 1.724137931034482735e-02
9.500000000000001776e+00 1.942296813124646387e-02
9.700000000000001066e+00 2.150537634408602322e-02
9.900000000000000355e+00 2.648505486189935837e-02
