-1.500000000000000000e+01 0.000000000000000000e+00
-1.484999999999999964e+01 0.000000000000000000e+00
-1.469999999999999929e+01 0.000000000000000000e+00
-1.455000000000000071e+01 0.000000000000000000e+00
-1.440000000000000036e+01 0.000000000000000000e+00
-1.425000000000000000e+01 0.000000000000000000e+00
-1.409999999999999964e+01 0.000000000000000000e+00
-1.394999999999999929e+01 0.000000000000000000e+00
-1.380000000000000071e+01 0.000000000000000000e+00
-1.365000000000000036e+01 0.000000000000000000e+00
-1.350000000000000000e+01 0.000000000000000000e+00
-1.334999999999999964e+01 0.000000000000000000e+00
-1.319999999999999929e+01 0.000000000000000000e+00
-1.305000000000000071e+01 0.000000000000000000e+00
-1.290000000000000036e+01 0.000000000000000000e+00
-1.275000000000000000e+01 0.000000000000000000e+00
-1.259999999999999964e+01 0.000000000000000000e+00
-1.244999999999999929e+01 0.000000000000000000e+00
-1.230000000000000071e+01 0.000000000000000000e+00
-1.215000000000000036e+01 0.000000000000000000e+00
-1.200000000000000000e+01 0.000000000000000000e+00
-1.184999999999999964e+01 0.000000000000000000e+00
-1.169999999999999929e+01 0.000000000000000000e+00
-1.155000000000000071e+01 0.000000000000000000e+00
-1.140000000000000036e+01 0.000000000000000000e+00
-1.125000000000000000e+01 0.000000000000000000e+00
-1.109999999999999964e+01 0.000000000000000000e+00
-1.094999999999999929e+01 0.000000000000000000e+00
-1.080000000000000071e+01 0.000000000000000000e+00
-1.065000000000000036e+01 0.000000000000000000e+00
-1.050000000000000000e+01 0.000000000000000000e+00
-1.035000000000000142e+01 0.000000000000000000e+00
-1.019999999999999929e+01 0.000000000000000000e+00
-1.005000000000000071e+01 0.000000000000000000e+00
-9.900000000000000355e+00 0.000000000000000000e+00
-9.750000000000000000e+00 0.000000000000000000e+00
-9.600000000000001421e+00 0.000000000000000000e+00
-9.449999999999999289e+00 0.000000000000000000e+00
-9.300000000000000711e+00 0.000000000000000000e+00
-9.150000000000000355e+00 0.000000000000000000e+00
-9.000000000000000000e+00 0.000000000000000000e+00
-8.850000000000001421e+00 0.000000000000000000e+00
-8.699999999999999289e+00 0.000000000000000000e+00
-8.550000000000000711e+00 0.000000000000000000e+00
-8.400000000000000355e+00 0.000000000000000000e+00
-8.250000000000000000e+00 0.000000000000000000e+00
-8.100000000000001421e+00 0.000000000000000000e+00
-7.950000000000000178e+00 0.000000000000000000e+00
-7.800000000000000711e+00 0.000000000000000000e+00
-7.650000000000000355e+00 0.000000000000000000e+00
-7.500000000000000000e+00 0.000000000000000000e+00
-7.350000000000000533e+00 0.000000000000000000e+00
-7.200000000000000178e+00 0.000000000000000000e+00
-7.050000000000000711e+00 0.000000000000000000e+00
-6.900000000000000355e+00 6.120703706732489278e-03
-6.750000000000000000e+00 0.000000000000000000e+00
-6.599999999999999645e+00 1.224140741346497856e-02
-6.450000000000001066e+00 1.224140741346497856e-02
-6.300000000000000711e+00 0.000000000000000000e+00
-6.150000000000000355e+00 1.836211112019746697e-02
-6.000000000000000000e+00 1.224140741346497856e-02
-5.849999999999999645e+00 3.672422224039493394e-02
-5.700000000000001066e+00 4.284492594712742408e-02
-5.550000000000000711e+00 2.448281482692995711e-02
-5.400000000000000355e+00 7.344844448078986787e-02
-5.250000000000000000e+00 6.120703706732489452e-02
-5.099999999999999645e+00 4.284492594712742408e-02
-4.950000000000001066e+00 4.284492594712742408e-02
-4.800000000000000711e+00 3.672422224039493394e-02
-4.650000000000000355e+00 6.120703706732489452e-02
-4.500000000000000000e+00 6.120703706732489278e-03
-4.349999999999999645e+00 2.448281482692995711e-02
-4.200000000000001066e+00 1.836211112019746697e-02
-4.050000000000000711e+00 2.448281482692995711e-02
-3.900000000000000355e+00 0.000000000000000000e+00
-3.750000000000000000e+00 2.448281482692995711e-02
-3.599999999999999645e+00 0.000000000000000000e+00
-3.450000000000001066e+00 6.120703706732489278e-03
-3.300000000000000711e+00 6.120703706732489452e-02
-3.150000000000000355e+00 3.672422224039493394e-02
-3.000000000000000000e+00 1.224140741346497856e-02
-2.849999999999999645e+00 6.120703706732489278e-03
-2.700000000000001066e+00 2.448281482692995711e-02
-2.550000000000000711e+00 3.060351853366244726e-02
-2.400000000000000355e+00 1.836211112019746697e-02
-2.250000000000000000e+00 1.836211112019746697e-02
-2.099999999999999645e+00 9.181055560098734525e-02
-1.950000000000001066e+00 3.672422224039493394e-02
-1.800000000000000711e+00 3.672422224039493394e-02
-1.650000000000000355e+00 4.284492594712742408e-02
-1.500000000000000000e+00 1.040519630144523117e-01
-1.349999999999999645e+00 7.344844448078986787e-02
-1.200000000000001066e+00 1.346554815481147693e-01
-1.050000000000000711e+00 1.468968889615797357e-01
-9.000000000000003553e-01 1.346554815481147693e-01
-7.500000000000000000e-01 4.162078520578092466e-01
-6.000000000000014211e-01 3.427594075770193927e-01
5.999999999999996447e-01 5.569840373126565547e-01
7.500000000000000000e-01 7.406051485146312174e-01
8.999999999999985789e-01 9.670711856637332904e-01
1.050000000000000711e+00 1.009916111610860590e+00
1.199999999999999289e+00 1.193537222812835363e+00
1.349999999999997868e+00 1.156813000572440409e+00
1.500000000000000000e+00 1.407761852548472747e+00
1.649999999999998579e+00 1.358796222894612660e+00
1.800000000000000711e+00 1.468968889615797524e+00
1.949999999999999289e+00 1.524055222976389734e+00
2.099999999999997868e+00 1.468968889615797524e+00
2.250000000000000000e+00 1.162933704279172975e+00
2.399999999999998579e+00 1.322072000654217483e+00
2.550000000000000711e+00 1.169054407985905542e+00
2.699999999999999289e+00 1.346554815481147527e+00
2.849999999999997868e+00 8.936227411829434919e-01
3.000000000000000000e+00 9.915540004906633342e-01
3.149999999999998579e+00 8.752606300627459035e-01
3.300000000000000711e+00 7.467258522213637839e-01
3.449999999999999289e+00 7.895707781684911941e-01
3.599999999999997868e+00 8.568985189425484261e-01
3.750000000000000000e+00 8.385364078223510598e-01
3.899999999999998579e+00 7.712086670482936057e-01
4.050000000000000711e+00 5.814668521395864875e-01
4.199999999999999289e+00 7.712086670482936057e-01
4.349999999999997868e+00 9.303469634233383356e-01
4.500000000000000000e+00 9.670711856637332904e-01
4.649999999999998579e+00 8.752606300627459035e-01
4.800000000000000711e+00 7.895707781684911941e-01
4.949999999999999289e+00 7.589672596348285838e-01
5.099999999999997868e+00 7.773293707550261722e-01
5.250000000000000000e+00 9.731918893704657458e-01
5.399999999999998579e+00 1.144571593158975498e+00
5.550000000000000711e+00 8.630192226492809926e-01
5.699999999999999289e+00 9.364676671300709021e-01
5.849999999999997868e+00 8.997434448896759474e-01
6.000000000000000000e+00 9.425883708368033576e-01
6.149999999999998579e+00 8.201742967021535824e-01
6.300000000000000711e+00 9.487090745435359240e-01
6.449999999999999289e+00 8.079328892886886715e-01
6.599999999999997868e+00 1.003795407904128245e+00
6.750000000000000000e+00 8.079328892886886715e-01
6.899999999999998579e+00 8.691399263560134480e-01
7.050000000000000711e+00 8.201742967021535824e-01
7.199999999999999289e+00 1.028278222731058289e+00
7.349999999999997868e+00 8.018121855819561050e-01
7.500000000000000000e+00 9.242262597166058802e-01
7.649999999999998579e+00 8.936227411829434919e-01
7.800000000000000711e+00 8.568985189425484261e-01
7.949999999999999289e+00 9.303469634233383356e-01
8.099999999999997868e+00 9.181055560098733137e-01
8.250000000000000000e+00 9.731918893704657458e-01
8.399999999999998579e+00 9.731918893704657458e-01
8.550000000000000711e+00 7.467258522213637839e-01
8.699999999999999289e+00 8.568985189425484261e-01
8.849999999999997868e+00 9.609504819570007239e-01
9.000000000000000000e+00 8.507778152358160817e-01
9.149999999999998579e+00 9.793125930771983123e-01
9.300000000000000711e+00 8.446571115290835152e-01
9.449999999999999289e+00 1.175175111692637886e+00
9.599999999999997868e+00 9.609504819570007239e-01
9.750000000000000000e+00 9.854332967839307678e-01
9.899999999999998579e+00 7.834500744617586276e-01
1.005000000000000071e+01 9.731918893704657458e-01
1.019999999999999929e+01 8.752606300627459035e-01
1.034999999999999787e+01 7.100016299809688292e-01
1.050000000000000000e+01 8.262950004088860378e-01
1.064999999999999858e+01 9.058641485964085138e-01
1.080000000000000071e+01 8.630192226492809926e-01
1.094999999999999929e+01 8.936227411829434919e-01
1.109999999999999787e+01 8.752606300627459035e-01
1.125000000000000000e+01 6.732774077405737634e-01
1.139999999999999858e+01 1.101726667211848198e+00
1.155000000000000071e+01 1.101726667211848198e+00
1.169999999999999929e+01 9.609504819570007239e-01
1.184999999999999787e+01 8.875020374762109254e-01
1.200000000000000000e+01 8.875020374762109254e-01
1.214999999999999858e+01 7.773293707550261722e-01
1.230000000000000071e+01 8.630192226492809926e-01
1.244999999999999929e+01 8.997434448896759474e-01
1.259999999999999787e+01 7.895707781684911941e-01
1.275000000000000000e+01 1.052761037557988111e+00
1.289999999999999858e+01 8.385364078223510598e-01
1.305000000000000071e+01 8.385364078223510598e-01
1.319999999999999929e+01 9.303469634233383356e-01
1.334999999999999787e+01 9.793125930771983123e-01
1.350000000000000000e+01 1.132330185745510587e+00
1.364999999999999858e+01 8.018121855819561050e-01
1.379999999999999716e+01 7.773293707550261722e-01
1.394999999999999929e+01 9.058641485964085138e-01
1.409999999999999787e+01 8.324157041156184933e-01
1.425000000000000000e+01 9.242262597166058802e-01
1.439999999999999858e+01 9.915540004906633342e-01
1.454999999999999716e+01 6.549152966203763970e-01
1.469999999999999929e+01 8.262950004088860378e-01
1.484999999999999787e+01 7.589672596348285838e-01
