0.000000000000000000e+00 inf
1.800000000000000044e+00 6.508018487880447289e-02
3.600000000000000089e+00 9.015551151943759778e-02
5.400000000000000355e+00 8.354604047774252806e-02
7.200000000000000178e+00 7.276886590282884149e-02
9.000000000000000000e+00 6.835343256627619823e-02
1.080000000000000071e+01 6.881314838003300960e-02
1.259999999999999964e+01 6.848030732735797821e-02
1.440000000000000036e+01 5.501042304363766566e-02
1.619999999999999929e+01 4.903574201282792644e-02
1.800000000000000000e+01 4.834205394573071884e-02
1.980000000000000071e+01 5.152796836208393266e-02
2.160000000000000142e+01 6.065650983057420398e-02
2.340000000000000213e+01 6.295478158809733604e-02
2.519999999999999929e+01 4.948848066032692644e-02
2.700000000000000000e+01 5.611152952524028903e-02
2.880000000000000071e+01 4.994019718373827327e-02
3.060000000000000142e+01 4.849873285564022807e-02
3.239999999999999858e+01 4.783513834987448282e-02
3.420000000000000284e+01 5.287433511898850108e-02
3.600000000000000000e+01 4.788706314904386807e-02
3.780000000000000426e+01 4.618083095142237054e-02
3.960000000000000142e+01 4.243106183019205307e-02
4.139999999999999858e+01 4.422730605903189838e-02
4.320000000000000284e+01 4.295583101957894945e-02
4.500000000000000000e+01 4.403155727739601483e-02
4.680000000000000426e+01 3.818108677036998605e-02
4.860000000000000142e+01 3.773382126946431964e-02
5.039999999999999858e+01 3.469386398424428170e-02
5.220000000000000284e+01 3.482648202859012915e-02
5.400000000000000000e+01 3.109898361480106441e-02
5.580000000000000426e+01 2.984940573243187109e-02
5.760000000000000142e+01 2.998462211964086563e-02
5.939999999999999858e+01 2.283604351575548724e-02
6.120000000000000284e+01 2.548097721641955082e-02
6.300000000000000000e+01 2.206037986355557923e-02
6.479999999999999716e+01 2.467781051410632143e-02
6.660000000000000853e+01 2.176010548328235344e-02
6.840000000000000568e+01 1.674327820159176791e-02
7.020000000000000284e+01 1.654567388578724943e-02
7.200000000000000000e+01 1.421922685858589309e-02
7.379999999999999716e+01 1.326370344315888801e-02
7.560000000000000853e+01 1.477366800311005583e-02
7.740000000000000568e+01 1.337362596107177608e-02
7.920000000000000284e+01 1.200622875024818376e-02
8.100000000000000000e+01 1.146295075899240838e-02
8.279999999999999716e+01 1.299678170996663995e-02
8.460000000000000853e+01 6.633837848381118896e-03
8.640000000000000568e+01 8.665714457167798118e-03
8.820000000000000284e+01 7.394282968856474500e-03
9.000000000000000000e+01 8.963109727332781163e-03
9.179999999999999716e+01 9.596835342558325196e-03
9.360000000000000853e+01 7.720363789113129926e-03
9.540000000000000568e+01 6.159992287782467546e-03
9.720000000000000284e+01 7.607872220468338796e-03
9.900000000000000000e+01 7.960382471522505290e-03
1.007999999999999972e+02 5.282740650109159393e-03
1.026000000000000085e+02 6.122864897840090900e-03
1.044000000000000057e+02 7.792704001640469134e-03
1.062000000000000028e+02 6.386227583743219090e-03
1.080000000000000000e+02 5.456214957364352754e-03
1.097999999999999972e+02 7.019376800030899949e-03
1.116000000000000085e+02 4.228100555957517263e-03
1.134000000000000057e+02 5.311521810879944391e-03
1.152000000000000028e+02 4.692259745639971481e-03
1.170000000000000000e+02 4.412075972711114458e-03
1.187999999999999972e+02 4.665531039626078132e-03
1.206000000000000085e+02 5.297962095655292525e-03
1.224000000000000057e+02 4.283517445662981919e-03
1.242000000000000028e+02 5.703708101738575072e-03
1.260000000000000000e+02 4.859216189812685070e-03
1.277999999999999972e+02 6.368270999513624304e-03
1.295999999999999943e+02 6.530609691151838606e-03
1.314000000000000057e+02 5.660073190419605271e-03
1.332000000000000171e+02 3.882822383427486992e-03
1.350000000000000000e+02 5.114776855455071061e-03
1.368000000000000114e+02 5.053627178774036145e-03
1.385999999999999943e+02 7.133436461134149906e-03
1.404000000000000057e+02 3.947075519087602305e-03
1.422000000000000171e+02 4.104962751237577548e-03
1.440000000000000000e+02 4.815458864149642360e-03
1.458000000000000114e+02 5.315409350586187791e-03
1.475999999999999943e+02 4.402006596614198991e-03
1.494000000000000057e+02 5.251455149973742985e-03
1.512000000000000171e+02 4.243284728030091886e-03
1.530000000000000000e+02 3.463674662051848593e-03
1.548000000000000114e+02 5.170438277944656297e-03
1.565999999999999943e+02 3.959420225666468104e-03
1.584000000000000057e+02 2.990109639535332587e-03
1.602000000000000171e+02 4.177943380709550625e-03
1.620000000000000000e+02 3.053182354467184108e-03
1.638000000000000114e+02 2.254516874153031890e-03
1.655999999999999943e+02 3.793822278871536620e-03
1.674000000000000057e+02 2.162536020863925663e-03
1.692000000000000171e+02 5.874293154393115529e-03
1.710000000000000000e+02 4.020790150957396537e-03
1.728000000000000114e+02 3.763906857042910621e-03
1.745999999999999943e+02 3.341841619109678363e-03
1.764000000000000057e+02 5.008639528857632660e-03
1.782000000000000171e+02 0.000000000000000000e+00
