1.377661906879539044e+00 2.349260441648424850e-04
3.156457871621322298e+00 4.306977476355445785e-04
4.935253836363105329e+00 4.698520883296850243e-04
6.714049801104888360e+00 6.264694511062470243e-04
8.492845765846670503e+00 9.397041766593704822e-04
1.027164173058845265e+01 8.222411545769482775e-04
1.205043769533023656e+01 1.018012858047650290e-03
1.382923366007202048e+01 1.252938902212494049e-03
1.560802962481380263e+01 1.370401924294915386e-03
1.738682558955558477e+01 1.683636649848038735e-03
1.916562155429736691e+01 1.566173627765614362e-03
2.094441751903915261e+01 2.349260441648425880e-03
2.272321348378093475e+01 1.409556264989055615e-03
2.450200944852271689e+01 1.957717034707017953e-03
2.628080541326450259e+01 1.996871375401162302e-03
2.805960137800628473e+01 2.231797419566004977e-03
2.983839734274806688e+01 2.310106100954285868e-03
3.161719330748984902e+01 3.249810277613656134e-03
3.339598927223163116e+01 3.445581981084358796e-03
3.517478523697341330e+01 2.740803848589830772e-03
3.695358120171519545e+01 3.484736321778484931e-03
3.873237716645698470e+01 3.210655936919516121e-03
4.051117313119876684e+01 4.072051432190605495e-03
4.228996909594054898e+01 3.523890662472639254e-03
4.406876506068233113e+01 4.032897091496464616e-03
4.584756102542411327e+01 3.719662365943341483e-03
4.762635699016589541e+01 3.837125388025762820e-03
4.940515295490767755e+01 4.541903520520272630e-03
5.118394891964946680e+01 4.933446927461694435e-03
5.296274488439124895e+01 5.599070719262082448e-03
5.474154084913303109e+01 5.481607697179661544e-03
5.652033681387481323e+01 5.520762037873802423e-03
5.829913277861659537e+01 5.324990334403098893e-03
6.007792874335837752e+01 6.068922807591767797e-03
6.185672470810015966e+01 5.794842422732784243e-03
6.363552067284194180e+01 6.577929236615593159e-03
6.541431663758372395e+01 6.343003192450725330e-03
6.719311260232551319e+01 5.520762037873824107e-03
6.897190856706728823e+01 7.909176820216336223e-03
7.075070453180907748e+01 7.204398687721868914e-03
7.252950049655085252e+01 7.791713798133915320e-03
7.430829646129264177e+01 8.026639842298757127e-03
7.608709242603443101e+01 7.870022479522259529e-03
7.786588839077620605e+01 8.770572315487423429e-03
7.964468435551799530e+01 8.104948523687103071e-03
8.142348032025977034e+01 7.361016050498372584e-03
8.320227628500155959e+01 9.553659129370305203e-03
8.498107224974333462e+01 8.457337589934301597e-03
8.675986821448512387e+01 9.475350447981948851e-03
8.853866417922691312e+01 9.083807041040616384e-03
9.031746014396868816e+01 9.514504788676087996e-03
9.209625610871047741e+01 9.475350447982023444e-03
9.387505207345225244e+01 9.318733085205387068e-03
9.565384803819404169e+01 9.475350447982023444e-03
9.743264400293581673e+01 9.984356877005771611e-03
9.921143996767760598e+01 1.053251764672373525e-02
1.009902359324193952e+02 9.984356877005851408e-03
1.027690318971611703e+02 1.088490671297099796e-02
1.045478278619029595e+02 1.045420896533553849e-02
1.063266238266447345e+02 1.064998066880615615e-02
1.081054197913865238e+02 1.088490671297108470e-02
1.098842157561282988e+02 1.088490671297099796e-02
1.116630117208700881e+02 1.072828935019452291e-02
1.134418076856118631e+02 1.166799352685380341e-02
1.152206036503536524e+02 1.049336330602959610e-02
1.169993996150954416e+02 8.613954952710931035e-03
1.187781955798372167e+02 8.966344018958124357e-03
1.205569915445790059e+02 1.014097423978241319e-02
1.223357875093207809e+02 1.064998066880615615e-02
1.241145834740625702e+02 8.731417974793351938e-03
1.258933794388043452e+02 9.671122151452649779e-03
1.276721754035461345e+02 8.496491930628440742e-03
1.294509713682879237e+02 8.809726656181564308e-03
1.312297673330297130e+02 8.574800612016722501e-03
1.330085632977715022e+02 7.909176820216336223e-03
1.347873592625132915e+02 6.577929236615672956e-03
1.365661552272550523e+02 7.126090006333531644e-03
1.383449511919968415e+02 6.303848851756585318e-03
1.401237471567386308e+02 6.147231488980024403e-03
1.419025431214804200e+02 6.656237918003953848e-03
1.436813390862221809e+02 6.029768466897603499e-03
1.454601350509639701e+02 6.538774895921427126e-03
1.472389310157057594e+02 5.285835993708937197e-03
1.490177269804475486e+02 5.246681653014798052e-03
1.507965229451893379e+02 4.346131817049640224e-03
1.525753189099310987e+02 4.541903520520272630e-03
1.543541148746728879e+02 4.698520883296833546e-03
1.561329108394146772e+02 4.072051432190589015e-03
1.579117068041564664e+02 3.406427640390204039e-03
1.596905027688982557e+02 3.288964618307836478e-03
1.614692987336400165e+02 2.858266870672240834e-03
1.632480946983818058e+02 3.210655936919503111e-03
1.650268906631235950e+02 2.153488738177715411e-03
1.668056866278653843e+02 2.388414782342595383e-03
1.685844825926071451e+02 1.840254012624593146e-03
1.703632785573489343e+02 1.292093242906629073e-03
1.721420745220907236e+02 1.448710605683190423e-03
1.739208704868325128e+02 9.397041766593666875e-04
1.756996664515743021e+02 6.264694511062545053e-04
1.774784624163160629e+02 3.523890662472624943e-04
