-7.949999809265136719e+00 6.333333333333333037e-01
-7.850000381469726562e+00 5.392670157068062409e-01
-7.750000000000000000e+00 5.842696629213482984e-01
-7.649999618530273438e+00 6.363636363636363535e-01
-7.550000190734863281e+00 5.718954248366012738e-01
-7.449999809265136719e+00 6.192982456140351255e-01
-7.350000381469726562e+00 5.953177257525084087e-01
-7.250000000000000000e+00 6.059027777777777901e-01
-7.149999618530273438e+00 6.299342105263158187e-01
-7.050000190734863281e+00 5.609348914858096613e-01
-6.949999809265136719e+00 6.140350877192982670e-01
-6.850000381469726562e+00 5.999999999999999778e-01
-6.750000000000000000e+00 5.351882160392799070e-01
-6.649999618530273438e+00 5.912897822445560836e-01
-6.550000190734863281e+00 6.124161073825503676e-01
-6.449999809265136719e+00 5.634028892455859028e-01
-6.350000381469726562e+00 4.765625000000000000e-01
-6.250000000000000000e+00 5.282738095238095344e-01
-6.149999618530273438e+00 5.821114369501466657e-01
-6.050000190734863281e+00 5.573065902578796527e-01
-5.949999809265136719e+00 5.544554455445545038e-01
-5.850000381469726562e+00 6.516329704510108733e-01
-5.750000000000000000e+00 6.411411411411411798e-01
-5.649999618530273438e+00 6.059743954480796280e-01
-5.550000190734863281e+00 5.703592814371257758e-01
-5.449999809265136719e+00 5.520995334370140117e-01
-5.350000381469726562e+00 6.592178770949720379e-01
-5.250000000000000000e+00 6.371428571428571219e-01
-5.149999618530273438e+00 6.042296072507552518e-01
-5.050000190734863281e+00 5.612535612535612950e-01
-4.949999809265136719e+00 5.377094972067039125e-01
-4.850000381469726562e+00 5.804511278195488844e-01
-4.750000000000000000e+00 6.219879518072288782e-01
-4.649999618530273438e+00 6.266280752532561449e-01
-4.550000190734863281e+00 5.889830508474576121e-01
-4.449999809265136719e+00 5.656984785615490896e-01
-4.350000381469726562e+00 6.008287292817680036e-01
-4.250000000000000000e+00 5.496894409937888026e-01
-4.149999618530273438e+00 5.878594249201277711e-01
-4.050000190734863281e+00 6.581875993640698974e-01
-3.950000047683715820e+00 6.071428571428570953e-01
-3.849999904632568359e+00 6.355140186915887446e-01
-3.750000000000000000e+00 5.900178253119429117e-01
-3.650000095367431641e+00 5.610169491525424101e-01
-3.549999952316284180e+00 6.126126126126125726e-01
-3.450000047683715820e+00 6.124567474048442373e-01
-3.349999904632568359e+00 5.537037037037036979e-01
-3.250000000000000000e+00 4.654867256637167938e-01
-3.150000095367431641e+00 5.487012987012986898e-01
-3.049999952316284180e+00 5.232974910394265766e-01
-2.950000047683715820e+00 5.688729874776385920e-01
-2.849999904632568359e+00 4.939550949913644184e-01
-2.750000000000000000e+00 4.982078853046594813e-01
-2.650000095367431641e+00 5.168539325842697041e-01
-2.549999952316284180e+00 5.065693430656934559e-01
-2.450000047683715820e+00 5.750750750750750484e-01
-2.349999904632568359e+00 6.058823529411764275e-01
-2.250000000000000000e+00 6.005665722379603944e-01
-2.150000095367431641e+00 5.540025412960609685e-01
-2.049999952316284180e+00 6.099378881987577161e-01
-1.950000047683715820e+00 6.686746987951807109e-01
-1.849999904632568359e+00 6.193771626297578381e-01
-1.750000000000000000e+00 6.288659793814432852e-01
-1.650000095367431641e+00 5.622448979591836427e-01
-1.549999952316284180e+00 5.682574916759156602e-01
-1.450000047683715820e+00 5.835995740149094724e-01
-1.349999904632568359e+00 5.490196078431373028e-01
-1.250000000000000000e+00 5.038932146829810943e-01
-1.150000095367431641e+00 4.314185228604923705e-01
-1.049999952316284180e+00 4.868421052631579093e-01
-9.499999880790710449e-01 4.595744680851063801e-01
-8.500000238418579102e-01 4.751461988304093720e-01
-7.500000000000000000e-01 4.945454545454545658e-01
-6.499999761581420898e-01 4.332648870636550131e-01
-5.500000119209289551e-01 5.036144578313253017e-01
-4.499999880790710449e-01 4.633507853403141530e-01
-3.500000238418579102e-01 4.126394052044609628e-01
-2.500000000000000000e-01 4.222222222222222210e-01
-1.500000059604644775e-01 2.944785276073619840e-01
-5.000000074505805969e-02 2.651515151515151381e-01
5.000000074505805969e-02 2.622950819672131284e-01
1.500000059604644775e-01 2.222222222222222099e-01
2.500000000000000000e-01 2.068965517241379282e-01
3.500000238418579102e-01 6.666666666666666574e-02
4.499999880790710449e-01 1.836734693877551117e-01
5.500000119209289551e-01 4.081632653061224164e-02
6.499999761581420898e-01 6.666666666666666574e-02
7.500000000000000000e-01 8.333333333333332871e-02
8.500000238418579102e-01 8.333333333333332871e-02
9.499999880790710449e-01 0.000000000000000000e+00
1.049999952316284180e+00 1.250000000000000000e-01
1.150000095367431641e+00 0.000000000000000000e+00
1.250000000000000000e+00 0.000000000000000000e+00
1.349999904632568359e+00 0.000000000000000000e+00
1.450000047683715820e+00 0.000000000000000000e+00
1.549999952316284180e+00 0.000000000000000000e+00
1.650000095367431641e+00 0.000000000000000000e+00
1.750000000000000000e+00 nan
1.849999904632568359e+00 0.000000000000000000e+00
1.950000047683715820e+00 nan
