1.000000000000000000e+00 0.000000000000000000e+00
2.789999961853027344e+00 0.000000000000000000e+00
4.579999923706054688e+00 5.941633097436455589e-03
6.369999885559082031e+00 1.425420703164448702e-02
8.159999847412109375e+00 2.451258464591191816e-02
9.949999809265136719e+00 1.922068058695027004e-02
1.173999977111816406e+01 4.663519739762842647e-03
1.352999973297119141e+01 4.055876582016814877e-03
1.531999969482421875e+01 2.394284600664062321e-03
1.711000061035156250e+01 5.375412769547822369e-04
1.889999961853027344e+01 9.764730875981463476e-04
2.069000053405761719e+01 2.238088057876919459e-03
2.247999954223632812e+01 3.722490540603758113e-03
2.427000045776367188e+01 1.539019093232706255e-03
2.605999946594238281e+01 1.439963188381643885e-03
2.785000038146972656e+01 6.770657765396524827e-04
2.963999938964843750e+01 2.558264516046034661e-03
3.143000030517578125e+01 3.942664817186363954e-03
3.322000122070312500e+01 4.041361269657491907e-03
3.500999832153320312e+01 4.134817261068585853e-03
3.679999923706054688e+01 4.224162677233730089e-03
3.859000015258789062e+01 5.070943319138876415e-03
4.038000106811523438e+01 5.614565603020287531e-03
4.216999816894531250e+01 6.831637977953530436e-03
4.395999908447265625e+01 7.062674495671913792e-03
4.575000000000000000e+01 8.610592844869353543e-03
4.754000091552734375e+01 9.432107242365669539e-03
4.933000183105468750e+01 1.084244378770996345e-02
5.111999893188476562e+01 1.422083301973820109e-02
5.290999984741210938e+01 1.348154854312592910e-02
5.470000076293945312e+01 1.492079337255926112e-02
5.649000167846679688e+01 1.422559192974212280e-02
5.827999877929687500e+01 1.227069130309404489e-02
6.006999969482421875e+01 1.770108043240411003e-02
6.186000061035156250e+01 1.847280204841467502e-02
6.365000152587890625e+01 1.888391965998589481e-02
6.544000244140625000e+01 1.651858388054872409e-02
6.723000335693359375e+01 1.766613997400171693e-02
6.901999664306640625e+01 2.032525168270781987e-02
7.080999755859375000e+01 2.076417917053409098e-02
7.259999847412109375e+01 1.872773504840262448e-02
7.438999938964843750e+01 2.249607337585432867e-02
7.618000030517578125e+01 1.889211343144704333e-02
7.797000122070312500e+01 2.199112694399443443e-02
7.976000213623046875e+01 2.394550948178613206e-02
8.155000305175781250e+01 2.526177027935419886e-02
8.333999633789062500e+01 2.659020368925113856e-02
8.512999725341796875e+01 2.730006716346550580e-02
8.691999816894531250e+01 3.341756720908654887e-02
8.870999908447265625e+01 2.720840651537090663e-02
9.050000000000000000e+01 2.467207699236575666e-02
9.229000091552734375e+01 3.149666897186697428e-02
9.408000183105468750e+01 3.028307576264274714e-02
9.587000274658203125e+01 2.893471304289158344e-02
9.766000366210937500e+01 2.696782728696133294e-02
9.944999694824218750e+01 2.869800181268046535e-02
1.012399978637695312e+02 2.499235962971128877e-02
1.030299987792968750e+02 2.873204043802971702e-02
1.048199996948242188e+02 2.470213308296270380e-02
1.066100006103515625e+02 2.789087681405883964e-02
1.084000015258789062e+02 2.166698412215920314e-02
1.101900024414062500e+02 2.375881449534042456e-02
1.119800033569335938e+02 2.302359447270266660e-02
1.137699966430664062e+02 2.004566099443768137e-02
1.155599975585937500e+02 2.612039886840004238e-02
1.173499984741210938e+02 2.243449029682564877e-02
1.191399993896484375e+02 2.064144445849531301e-02
1.209300003051757812e+02 1.567110202671622224e-02
1.227200012207031250e+02 1.804568996679115772e-02
1.245100021362304688e+02 1.804059390862532142e-02
1.263000030517578125e+02 1.883828143823474202e-02
1.280899963378906250e+02 1.788357800756052232e-02
1.298800048828125000e+02 1.483827370335417603e-02
1.316699981689453125e+02 1.185599612545262457e-02
1.334600067138671875e+02 1.481581891916940695e-02
1.352500000000000000e+02 1.505079663504284467e-02
1.370399932861328125e+02 1.415580395871595711e-02
1.388300018310546875e+02 1.369368944618302823e-02
1.406199951171875000e+02 1.420799457897251733e-02
1.424100036621093750e+02 1.451843356185382287e-02
1.441999969482421875e+02 1.432894181959366679e-02
1.459900054931640625e+02 1.244070979287349894e-02
1.477799987792968750e+02 9.788353054444800735e-03
1.495700073242187500e+02 1.155317617310150889e-02
1.513600006103515625e+02 1.154842618006289394e-02
1.531499938964843750e+02 9.804209790993521911e-03
1.549400024414062500e+02 8.587605195122105864e-03
1.567299957275390625e+02 1.000770733494908346e-02
1.585200042724609375e+02 1.166110996312559947e-02
1.603099975585937500e+02 9.856916561970914537e-03
1.621000061035156250e+02 8.747277886368406974e-03
1.638899993896484375e+02 9.119080532010952547e-03
1.656799926757812500e+02 1.342741087229692987e-02
1.674700012207031250e+02 1.020547693713624859e-02
1.692599945068359375e+02 1.272970660485076011e-02
1.710500030517578125e+02 9.149056195800182520e-03
1.728399963378906250e+02 7.612973291410311989e-03
1.746300048828125000e+02 8.449308780006156011e-03
1.764199981689453125e+02 1.013082294786194631e-02
1.782100067138671875e+02 0.000000000000000000e+00
