6.666666666666666574e-02 -1.815436065599725091e-02
2.000000000000000111e-01 -2.654692886328022597e-02
3.333333333333333703e-01 -5.705075001722012540e-02
4.666666666666666741e-01 -5.053840086210667493e-02
5.999999999999999778e-01 -6.942410337444590573e-02
7.333333333333333925e-01 -3.030137451846272659e-02
8.666666666666666963e-01 -3.249215420715523966e-02
1.000000000000000000e+00 -3.008164088951411144e-02
1.133333333333333304e+00 -4.976503169924324788e-02
1.266666666666666607e+00 -8.370213249809634395e-03
1.399999999999999911e+00 -2.429117025221111739e-02
1.533333333333333215e+00 -4.903474957707756182e-02
1.666666666666666741e+00 -3.538377407684482889e-02
1.800000000000000044e+00 -3.106671431165489508e-02
1.933333333333333348e+00 -8.278544569399458666e-03
2.066666666666666430e+00 -2.041176669470801466e-02
2.200000000000000178e+00 -1.098674021649442660e-02
2.333333333333333037e+00 -9.905122170526095560e-03
2.466666666666666785e+00 1.465909088208608262e-02
2.599999999999999645e+00 -2.282809432630241928e-02
2.733333333333333393e+00 -3.386139840839187676e-02
2.866666666666666252e+00 -2.597565455491551191e-03
3.000000000000000000e+00 -3.027441110610565658e-02
3.133333333333333304e+00 -2.777652929567180073e-02
3.266666666666666607e+00 -1.953402127803011493e-02
3.400000000000000355e+00 1.936558620738131585e-03
3.533333333333333215e+00 -1.170341676382833165e-02
3.666666666666666963e+00 2.030738422573135152e-02
3.799999999999999822e+00 2.965296620871716443e-02
3.933333333333333570e+00 -1.122217527978743197e-02
4.066666666666666430e+00 -2.226927127213860699e-02
4.199999999999999289e+00 -8.473742767819203436e-03
4.333333333333333925e+00 -8.415999166362989753e-03
4.466666666666666785e+00 1.319905685148004340e-02
4.599999999999999645e+00 4.573704843441474266e-03
4.733333333333333393e+00 1.159400524823771088e-02
4.866666666666667140e+00 -2.744662043598326481e-03
5.000000000000000000e+00 3.868382963536747855e-03
5.133333333333332860e+00 1.973080393393014447e-04
5.266666666666666607e+00 -6.062804078755452443e-03
5.400000000000000355e+00 -2.315001650478596892e-02
5.533333333333333215e+00 -2.635592583582659423e-02
5.666666666666666075e+00 9.109517057419668981e-03
5.799999999999999822e+00 -1.321657422271653578e-03
5.933333333333333570e+00 -4.776260325801807462e-03
6.066666666666666430e+00 -1.422125642850445050e-02
6.199999999999999289e+00 2.849441042129601757e-03
6.333333333333333925e+00 -9.785235804961399386e-03
6.466666666666666785e+00 1.495938387609297228e-06
6.599999999999999645e+00 -1.573674576672116215e-02
6.733333333333333393e+00 -5.726938189652104128e-04
6.866666666666667140e+00 -1.240046401859594936e-02
7.000000000000000000e+00 -5.467828899984144599e-03
7.133333333333332860e+00 1.108533476585355686e-03
7.266666666666666607e+00 8.063953758830883986e-03
7.400000000000000355e+00 1.655479018859889323e-02
7.533333333333333215e+00 -1.416060026219513775e-02
7.666666666666666075e+00 2.137080193334456313e-02
7.799999999999999822e+00 -1.060093733347151554e-02
7.933333333333333570e+00 -8.442962905485807898e-03
8.066666666666666430e+00 9.228916015421998950e-03
8.199999999999999289e+00 -2.494049115088786336e-02
8.333333333333332149e+00 7.592353177848305996e-03
8.466666666666666785e+00 -2.776855503767728869e-02
8.599999999999999645e+00 -3.203657259776567651e-02
8.733333333333334281e+00 3.736770004594236385e-03
8.866666666666667140e+00 -2.115624708926249625e-02
9.000000000000000000e+00 -4.741763254060060717e-03
9.133333333333332860e+00 -2.299686835237568436e-02
9.266666666666665719e+00 1.895333034917712212e-02
9.400000000000000355e+00 1.522263511119840290e-02
9.533333333333333215e+00 1.333774891955887519e-02
9.666666666666666075e+00 4.264597747115288912e-02
9.800000000000000711e+00 -1.727801627324273073e-02
9.933333333333333570e+00 1.179342306832867511e-02
