-1.496499999999999986e+01 1.322682194197566385e-01
-1.489499999999999957e+01 -4.957093786623493863e-03
-1.482499999999999929e+01 2.565794357136486417e-02
-1.475499999999999901e+01 9.127587517498707281e-02
-1.468500000000000050e+01 4.149041336217910297e-02
-1.461500000000000021e+01 4.971800530023745557e-02
-1.454499999999999993e+01 5.217994431929139781e-02
-1.447499999999999964e+01 5.866929897589502618e-02
-1.440499999999999936e+01 -4.239690908142070003e-02
-1.433500000000000085e+01 8.362208584330786676e-02
-1.426500000000000057e+01 6.645310618814394277e-02
-1.419500000000000028e+01 -8.573491379099176454e-03
-1.412500000000000000e+01 -4.873421913242319617e-03
-1.405499999999999972e+01 1.386321266491777060e-01
-1.398499999999999943e+01 1.043511994764720480e-01
-1.391499999999999915e+01 7.968942953151345043e-02
-1.384499999999999886e+01 1.550236085004042808e-01
-1.377500000000000036e+01 -4.877065291785085549e-03
-1.370500000000000007e+01 1.644675934375277593e-01
-1.363499999999999979e+01 1.358486310375764047e-02
-1.356499999999999950e+01 7.129295889776836315e-02
-1.349500000000000099e+01 2.005287999774536256e-01
-1.342500000000000071e+01 1.842534649738520880e-01
-1.335500000000000043e+01 1.328235141321432999e-01
-1.328500000000000014e+01 7.092817752513033702e-02
-1.321499999999999986e+01 1.193267220516843752e-01
-1.314499999999999957e+01 1.586577765419434072e-01
-1.307499999999999929e+01 6.185445143648664323e-02
-1.300499999999999901e+01 1.402347211005166294e-01
-1.293499999999999872e+01 1.578726880287719195e-02
-1.286500000000000021e+01 1.050210786202469271e-01
-1.279499999999999993e+01 3.728825359131732187e-02
-1.272499999999999964e+01 1.690458851967586440e-01
-1.265499999999999936e+01 7.042541861385412383e-02
-1.258500000000000085e+01 2.258919132056835255e-01
-1.251500000000000057e+01 2.159343348898372719e-02
-1.244500000000000028e+01 9.976888119914946451e-02
-1.237500000000000000e+01 2.454699578715108244e-02
-1.230499999999999972e+01 -3.624816684549936330e-02
-1.223499999999999943e+01 6.101818069233182207e-02
-1.216499999999999915e+01 1.673980991185892650e-02
-1.209499999999999886e+01 4.433134843081543847e-02
-1.202499999999999858e+01 -1.640328717547273954e-02
-1.195500000000000007e+01 1.783117443752955597e-02
-1.188499999999999979e+01 -5.309944603103852051e-02
-1.181499999999999950e+01 -9.782947433777501589e-02
-1.174499999999999922e+01 -6.561622351507978568e-03
-1.167500000000000071e+01 -6.915341239875585910e-02
-1.160500000000000043e+01 -3.373334401991744114e-02
-1.153500000000000014e+01 6.147359073948667485e-02
-1.146499999999999986e+01 -4.921205580406096819e-02
-1.139499999999999957e+01 -1.409908063206538782e-02
-1.132499999999999929e+01 -1.702742592886519885e-02
-1.125499999999999901e+01 8.306309311149695507e-02
-1.118499999999999872e+01 6.746429262228485768e-02
-1.111499999999999844e+01 9.677655085238327792e-02
-1.104499999999999993e+01 -1.925102304537740011e-03
-1.097499999999999964e+01 -3.407616012007276714e-03
-1.090499999999999936e+01 -1.059369215787583501e-01
-1.083500000000000085e+01 4.031433104231457731e-02
-1.076500000000000057e+01 -2.757513759080450905e-02
-1.069500000000000028e+01 1.403054737573034283e-01
-1.062500000000000000e+01 -8.058380019567940034e-02
-1.055499999999999972e+01 -4.081429624303834457e-03
-1.048499999999999943e+01 4.736292089233127417e-02
-1.041499999999999915e+01 -9.218076305117248181e-02
-1.034499999999999886e+01 1.492464765093693135e-01
-1.027499999999999858e+01 2.187274467961948174e-02
-1.020499999999999829e+01 2.668486088776485243e-02
-1.013499999999999979e+01 2.070927214139020242e-02
-1.006499999999999950e+01 -7.604143964352808385e-03
-9.994999999999999218e+00 7.005456964755037153e-02
-9.925000000000000711e+00 3.295222311168634344e-02
-9.855000000000000426e+00 4.241093321010341866e-02
-9.785000000000000142e+00 1.527270462316448422e-03
-9.714999999999999858e+00 -6.170596889053320960e-02
-9.644999999999999574e+00 -2.387662760893532674e-02
-9.574999999999999289e+00 1.596077005089133471e-01
-9.504999999999999005e+00 1.938644113001725955e-01
-9.434999999999998721e+00 1.008452087491292226e-01
-9.364999999999998437e+00 9.288885780119789104e-02
-9.294999999999998153e+00 1.136006117730808430e-02
-9.224999999999999645e+00 -3.246226823175541593e-02
-9.154999999999999361e+00 2.193094703037721388e-02
-9.085000000000000853e+00 1.004932563183185135e-01
-9.015000000000000568e+00 -1.757123146884658274e-02
-8.945000000000000284e+00 -5.334604188601273916e-02
-8.875000000000000000e+00 -8.023544553755629360e-02
-8.804999999999999716e+00 1.165268787209588763e-01
-8.734999999999999432e+00 8.077302638950963065e-02
-8.664999999999999147e+00 -4.040532509595918392e-02
-8.594999999999998863e+00 6.918612320266048256e-03
-8.524999999999998579e+00 9.190470063415259738e-02
-8.454999999999998295e+00 -7.761833992637448033e-03
-8.384999999999998010e+00 2.457802177449599224e-01
-8.314999999999999503e+00 1.303328894439016207e-03
-8.244999999999999218e+00 1.931941004749828869e-02
-8.175000000000000711e+00 -4.016650569489614575e-02
-8.105000000000000426e+00 2.325860178323137795e-01
-8.035000000000000142e+00 2.844827156733294449e-01
-7.964999999999999858e+00 6.377680211927773402e-02
-7.894999999999999574e+00 1.052799984562030888e-01
-7.824999999999999289e+00 1.694841540065125107e-01
-7.754999999999999005e+00 4.653994579259082554e-02
-7.684999999999998721e+00 5.086833197969303777e-02
-7.614999999999999325e+00 9.460368177290320868e-02
-7.544999999999999041e+00 2.397170554213567950e-01
-7.474999999999999645e+00 5.129924970148876107e-02
-7.404999999999999361e+00 1.123401810393408889e-01
-7.334999999999999076e+00 9.221026615126430570e-02
-7.264999999999998792e+00 7.123222165327836031e-02
-7.194999999999999396e+00 2.245383193174402270e-01
-7.124999999999999112e+00 2.098423532143291539e-02
-7.054999999999999716e+00 1.195981050940077284e-01
-6.984999999999999432e+00 6.790383516114484319e-02
-6.914999999999999147e+00 5.849651622062548156e-02
-6.844999999999998863e+00 8.557156256453436749e-02
-6.774999999999998579e+00 9.284504411860164744e-03
-6.704999999999999183e+00 -5.194823083674132008e-02
-6.634999999999999787e+00 9.114917125710712831e-02
-6.564999999999999503e+00 5.500385219541688298e-02
-6.494999999999999218e+00 -1.075876339606202103e-01
-6.424999999999998934e+00 1.669806425148992815e-02
-6.354999999999998650e+00 1.822233603000351920e-01
-6.284999999999999254e+00 1.206662944202285814e-02
-6.214999999999999858e+00 2.569579960954835318e-01
-6.144999999999999574e+00 1.677618663264883458e-01
-6.074999999999999289e+00 1.571634215998821416e-01
-6.004999999999999005e+00 7.052546422051053643e-02
-5.934999999999998721e+00 -1.776343032932624355e-01
-5.864999999999998437e+00 4.914420718513880237e-02
-5.794999999999999041e+00 2.957622762947099693e-01
-5.724999999999999645e+00 1.041183027007029499e-01
-5.654999999999999361e+00 7.582456945374242696e-02
-5.584999999999999076e+00 -8.349271804402885744e-02
-5.514999999999998792e+00 8.920511164452953057e-02
-5.444999999999998508e+00 1.630684109112167657e-01
-5.374999999999999112e+00 -5.885704615227600744e-02
-5.304999999999999716e+00 -4.478920702049269537e-02
-5.234999999999999432e+00 -3.451022902687851668e-02
-5.164999999999999147e+00 -6.335588330534445978e-02
-5.094999999999998863e+00 -1.014570226484861892e-01
-5.024999999999998579e+00 2.502018640749018377e-02
-4.954999999999998295e+00 3.489900809296431899e-02
-4.884999999999998899e+00 1.057182899195727686e-02
-4.814999999999999503e+00 1.308628032910349147e-02
-4.744999999999999218e+00 7.403565189859481754e-02
-4.674999999999998934e+00 1.292057055754517736e-01
-4.604999999999998650e+00 2.904196664851661086e-02
-4.534999999999998366e+00 -2.434747472341314278e-02
-4.464999999999998970e+00 -6.994557571038632904e-02
-4.394999999999999574e+00 3.481406183858207909e-02
-4.324999999999999289e+00 1.082714062960267280e-02
-4.254999999999999005e+00 1.648669531092795404e-01
-4.184999999999998721e+00 1.764797398376555526e-01
-4.114999999999998437e+00 1.793368711608093746e-01
-4.044999999999999041e+00 2.442918154315974755e-01
-3.974999999999999645e+00 2.183091891655422334e-01
-3.904999999999999361e+00 1.677616114047306428e-01
-3.834999999999999076e+00 5.842406841478831742e-02
-3.764999999999998792e+00 3.535144548003341658e-01
-3.694999999999998508e+00 4.879145804036587042e-01
-3.624999999999998224e+00 -4.414771101183888151e-03
-3.554999999999998828e+00 1.555406146847248539e-01
-3.484999999999999432e+00 -1.640707680714685937e-02
-3.414999999999999147e+00 2.928897609561067483e-01
-3.344999999999998863e+00 3.016931244902684717e-01
-3.274999999999998579e+00 4.775170929022739541e-01
-3.204999999999998295e+00 1.444246742001814299e-01
-3.134999999999998899e+00 -2.687508638644259817e-01
-3.064999999999999503e+00 1.035418138232701846e-01
-2.994999999999999218e+00 -1.885901354672346042e-01
-2.924999999999998934e+00 9.462858683234151580e-02
-2.854999999999998650e+00 8.620146100246130205e-02
-2.784999999999998366e+00 1.621585070733562173e-01
-2.714999999999998970e+00 2.825114738678607407e-01
-2.644999999999999574e+00 -8.717241430224249854e-02
-2.574999999999999289e+00 2.417024909697210178e-01
-2.504999999999999005e+00 1.170531299563925126e-01
-2.434999999999998721e+00 1.469328899549715572e-01
-2.364999999999998437e+00 -1.050842522238568805e-01
-2.294999999999998153e+00 -8.028960167190916930e-02
-2.224999999999998757e+00 -2.079984165344912206e-01
-2.154999999999999361e+00 7.156478419777087541e-02
-2.084999999999999076e+00 2.507109453707594970e-01
-2.014999999999998792e+00 -4.664910847783157455e-01
-1.944999999999998508e+00 -5.095371043279776913e-02
-1.874999999999998224e+00 -3.621324214404955666e-01
-1.804999999999998828e+00 -1.018081799192441100e-01
-1.734999999999999432e+00 -3.609692461810618536e-01
-1.664999999999999147e+00 -8.326334573027351083e-02
-1.594999999999998863e+00 -1.438345608441560231e-01
-1.524999999999998579e+00 7.134877409081825661e-01
-1.454999999999998295e+00 -1.536924625605701374e-02
-1.384999999999998010e+00 2.086629948551514402e-01
-1.314999999999998614e+00 4.051681784705999934e-01
-1.244999999999999218e+00 -7.779492928416240627e-01
-1.174999999999998934e+00 -2.011893469154387923e-02
-1.104999999999998650e+00 1.019611573457133019e-01
-1.034999999999999254e+00 -4.010815600901819766e-01
