-1.000000000000000000e+01 1.042918052567720633e+00
-9.866666793823242188e+00 1.135935068067003728e+00
-9.733333587646484375e+00 1.116204185991398257e+00
-9.600000381469726562e+00 1.096473303915792785e+00
-9.466666221618652344e+00 1.065467632082698346e+00
-9.333333015441894531e+00 1.068286329522070366e+00
-9.199999809265136719e+00 1.141572462945748212e+00
-9.066666603088378906e+00 9.837254063409039961e-01
-8.933333396911621094e+00 1.011912380734626193e+00
-8.800000190734863281e+00 1.068286329522070366e+00
-8.666666984558105469e+00 1.048555447446464894e+00
-8.533333778381347656e+00 1.065467632082698346e+00
-8.399999618530273438e+00 1.116204185991398257e+00
-8.266666412353515625e+00 1.172578134778842651e+00
-8.133333206176757812e+00 1.214858596369425836e+00
-8.000000000000000000e+00 1.172578134778842651e+00
-7.866666793823242188e+00 1.133116370627631486e+00
-7.733333110809326172e+00 1.082379816718931576e+00
-7.599999904632568359e+00 1.096473303915792785e+00
-7.466666698455810547e+00 1.169759437339470187e+00
-7.333333492279052734e+00 1.181034227096959155e+00
-7.199999809265136719e+00 1.144391160385120454e+00
-7.066666603088378906e+00 1.009093683295253951e+00
-6.933333396911621094e+00 1.228952083566286824e+00
-6.800000190734863281e+00 9.752693140227873814e-01
-6.666666507720947266e+00 1.071105026961442830e+00
-6.533333301544189453e+00 1.116204185991398257e+00
-6.400000095367431641e+00 1.214858596369425836e+00
-6.266666889190673828e+00 1.011912380734626193e+00
-6.133333206176757812e+00 1.076742421840187314e+00
-6.000000000000000000e+00 1.181034227096959155e+00
-5.866666793823242188e+00 1.172578134778842651e+00
-5.733333110809326172e+00 1.088017211597676059e+00
-5.599999904632568359e+00 1.133116370627631486e+00
-5.466666698455810547e+00 1.110566791112653773e+00
-5.333333492279052734e+00 1.181034227096959155e+00
-5.199999809265136719e+00 1.302238216989964670e+00
-5.066666603088378906e+00 1.214858596369425836e+00
-4.933333396911621094e+00 1.307875611868708932e+00
-4.800000190734863281e+00 1.254320360520636779e+00
-4.666666507720947266e+00 1.183852924536331397e+00
-4.533333301544189453e+00 1.183852924536331397e+00
-4.400000095367431641e+00 1.226133386126914804e+00
-4.266666889190673828e+00 1.186671621975703639e+00
-4.133333206176757812e+00 1.110566791112653773e+00
-4.000000000000000000e+00 1.110566791112653773e+00
-3.866666555404663086e+00 1.037280657688976149e+00
-3.733333349227905273e+00 1.026005867931487181e+00
-3.599999904632568359e+00 9.978188935377650948e-01
-3.466666698455810547e+00 9.470823396290650731e-01
-3.333333253860473633e+00 1.042918052567720633e+00
-3.200000047683715820e+00 1.009093683295253951e+00
-3.066666603088378906e+00 1.150028555263864938e+00
-2.933333396911621094e+00 1.150028555263864938e+00
-2.799999952316284180e+00 1.130297673188259466e+00
-2.666666746139526367e+00 1.214858596369425836e+00
-2.533333301544189453e+00 1.333243888823059109e+00
-2.400000095367431641e+00 1.352974770898664358e+00
-2.266666650772094727e+00 1.519277919821625522e+00
-2.133333444595336914e+00 1.417804812004225479e+00
-2.000000000000000000e+00 1.431898299201086466e+00
-1.866666674613952637e+00 1.646119304593375077e+00
-1.733333349227905273e+00 1.705311950820191491e+00
-1.600000023841857910e+00 1.561558381412208707e+00
-1.466666698455810547e+00 1.539008801897230772e+00
-1.333333373069763184e+00 1.324787796504942161e+00
-1.200000047683715820e+00 1.321969099065570141e+00
-1.066666722297668457e+00 1.220495991248170320e+00
-9.333333373069763184e-01 1.183852924536331397e+00
-8.000000119209289551e-01 1.014731078173998213e+00
-6.666666865348815918e-01 7.864165855848488373e-01
-5.333333611488342285e-01 7.244052419186598479e-01
-4.000000059604644775e-01 5.750142776319324689e-01
-2.666666805744171143e-01 5.440086057988380297e-01
-1.333333402872085571e-01 3.805241543152493855e-01
0.000000000000000000e+00 2.508640721041273669e-01
1.333333402872085571e-01 2.198584002710329555e-01
2.666666805744171143e-01 1.409348719686108753e-01
4.000000059604644775e-01 1.155665950142609200e-01
5.333333611488342285e-01 6.764873854493322347e-02
6.666666865348815918e-01 4.509915902995548231e-02
8.000000119209289551e-01 3.382436927246661174e-02
9.333333373069763184e-01 2.818697439372217992e-02
1.066666722297668457e+00 1.973088207560552351e-02
1.200000047683715820e+00 1.127478975748887058e-02
1.333333373069763184e+00 0.000000000000000000e+00
1.466666698455810547e+00 0.000000000000000000e+00
1.600000023841857910e+00 0.000000000000000000e+00
1.733333349227905273e+00 2.818697439372217645e-03
1.866666674613952637e+00 0.000000000000000000e+00
2.000000000000000000e+00 0.000000000000000000e+00
2.133333444595336914e+00 2.818697439372217645e-03
2.266666650772094727e+00 0.000000000000000000e+00
2.400000095367431641e+00 0.000000000000000000e+00
2.533333301544189453e+00 0.000000000000000000e+00
2.666666746139526367e+00 0.000000000000000000e+00
2.799999952316284180e+00 0.000000000000000000e+00
2.933333396911621094e+00 2.818697439372217645e-03
3.066666603088378906e+00 0.000000000000000000e+00
3.200000047683715820e+00 2.818697439372217645e-03
3.333333253860473633e+00 2.818697439372217645e-03
3.466666698455810547e+00 2.818697439372217645e-03
3.599999904632568359e+00 2.818697439372217645e-03
3.733333349227905273e+00 0.000000000000000000e+00
3.866666555404663086e+00 0.000000000000000000e+00
4.000000000000000000e+00 0.000000000000000000e+00
4.133333206176757812e+00 0.000000000000000000e+00
4.266666889190673828e+00 0.000000000000000000e+00
4.400000095367431641e+00 0.000000000000000000e+00
4.533333301544189453e+00 2.818697439372217645e-03
4.666666507720947266e+00 1.409348719686108996e-02
4.800000190734863281e+00 0.000000000000000000e+00
4.933333396911621094e+00 2.818697439372217645e-03
5.066666603088378906e+00 0.000000000000000000e+00
5.199999809265136719e+00 5.637394878744435289e-03
5.333333492279052734e+00 0.000000000000000000e+00
5.466666698455810547e+00 2.818697439372217645e-03
5.599999904632568359e+00 0.000000000000000000e+00
5.733333110809326172e+00 0.000000000000000000e+00
5.866666793823242188e+00 0.000000000000000000e+00
6.000000000000000000e+00 2.818697439372217645e-03
6.133333206176757812e+00 2.818697439372217645e-03
6.266666889190673828e+00 2.818697439372217645e-03
6.400000095367431641e+00 0.000000000000000000e+00
6.533333301544189453e+00 2.818697439372217645e-03
6.666666507720947266e+00 2.818697439372217645e-03
6.800000190734863281e+00 2.818697439372217645e-03
6.933333396911621094e+00 5.637394878744435289e-03
7.066666603088378906e+00 5.637394878744435289e-03
7.199999809265136719e+00 0.000000000000000000e+00
7.333333492279052734e+00 0.000000000000000000e+00
7.466666698455810547e+00 2.818697439372217645e-03
7.599999904632568359e+00 5.637394878744435289e-03
7.733333110809326172e+00 2.818697439372217645e-03
7.866666793823242188e+00 0.000000000000000000e+00
8.000000000000000000e+00 0.000000000000000000e+00
8.133333206176757812e+00 0.000000000000000000e+00
8.266666412353515625e+00 0.000000000000000000e+00
8.399999618530273438e+00 0.000000000000000000e+00
8.533333778381347656e+00 0.000000000000000000e+00
8.666666984558105469e+00 0.000000000000000000e+00
8.800000190734863281e+00 0.000000000000000000e+00
8.933333396911621094e+00 0.000000000000000000e+00
9.066666603088378906e+00 2.818697439372217645e-03
9.199999809265136719e+00 0.000000000000000000e+00
9.333333015441894531e+00 0.000000000000000000e+00
9.466666221618652344e+00 0.000000000000000000e+00
9.600000381469726562e+00 0.000000000000000000e+00
9.733333587646484375e+00 0.000000000000000000e+00
9.866666793823242188e+00 0.000000000000000000e+00
